PUBLIC_KEY=3sjoEvVm5ASBT7uLEnE8bjcjbKAP5TrG1Fo84uG88sYo
PRIVATE_KEY=[250,101,79,8,168,253,90,71,249,145,128,11,199,231,90,207,15,152,180,202,178,205,136,83,206,82,89,82,76,119,96,231,42,182,206,40,75,98,2,131,52,12,39,208,242,249,98,192,168,106,72,229,124,246,176,69,148,160,203,198,60,239,110,164]
PROGRAM_ID=7EocgqrRm3AzYotTpATdwh7Uwyc1Zcn2mQELAw7b6HE6
BRIDGE_PUBLIC_KEY=7ENcYgwBJ832c7jkak1bUbeKk4fJwSruGwjrrAtmXQJZ
BRIDGE_PRIVATE_KEY=[212,29,150,228,227,104,70,158,108,37,7,150,254,149,34,92,90,104,97,86,105,126,17,196,196,250,41,123,133,63,65,96,92,147,28,29,109,150,30,49,7,247,201,153,63,223,253,160,245,232,191,66,198,252,6,9,129,95,11,238,97,215,208,70]
MINT_BUKH_PUBLIC_KEY=34uthKz8Mu79sZw2qqJBGRKALMMLUg68UDq6Nn9MdPym
MINT_BUKH_PRIVATE_KEY=[116,122,236,77,122,139,248,22,153,191,97,228,151,120,105,62,152,103,159,162,214,43,21,90,174,107,54,138,167,243,20,225,30,183,235,176,121,69,142,58,110,39,86,72,1,96,231,132,55,201,167,255,221,108,31,75,236,94,249,43,107,203,0,148]
MINT_SUKH_PUBLIC_KEY=H4rD8XQztBRURAEYa7xvD6yRQzy1JdfkK5s29FFKqxEy
MINT_SUKH_PRIVATE_KEY=[146,27,46,22,9,187,232,51,60,81,218,123,2,89,101,225,65,96,220,217,172,183,146,232,87,167,168,245,121,57,157,64,238,183,95,203,33,21,195,125,40,168,144,227,39,68,149,235,4,145,211,153,21,155,73,8,126,216,83,183,73,41,7,198]
POOL_BUKH_AUTHORITY_PUBKEY=HGUqwpZHaQ3RkcDG3D4CVpS5qm1EBevo1uNwFA8qr5v8
POOL_SUKH_AUTHORITY_PUBKEY=aWgeASV83o3VwxBE7CLHugGNs7QMSDTJMyhTrqG7yRh
POOL_BUKH_PUBKEY=Cmzfk7cv5aYSL4qcR9BYU1FcsKzocp6Jv4Bhpz7DJmzA
POOL_SUKH_PUBKEY=AbJvF8tVC92ZfPP5kpHrtYTuzgjp6baDh4T593J6PNvc
